7
-7
101	10
102	10
103	10
104	10
105	10
106	10
107	10
108	10
109	10
110	10
111	10
112	10
113	10
114	10
115	10
116	10
117	10
118	10
119	10
120	10
-1
121	10
122	10
123	10
124	10
125	10
-2
126	10
127	10
128	10
129	10
130	10
131	10
132	10
133	10
134	10
135	10
-3
136	10
137	10
138	10
139	10
140	10
141	10
142	10
143	10
144	10
145	10
-4
146	10
147	10
148	10
149	10
150	10
151	10
152	10
153	10
154	10
155	10
-5
156	10
157	10
158	10
159	10
160	10
161	10
162	10
163	10
164	10
165	10
-6
186 10
187 10
188 10
189 10
190 10